n <- 1:10
1.25*0.8*n - n

P <- 1500
i <- 0.01
n <- 10
R <- P*((i)/(1 - (1 + i)^-n))
R

